
====================
Послідовність 1

Original:
5895001769245242477917069976910188398736519348140392049277986937745936802779730877113086456257844774

Ентропія: 3.249

RLE encoded:
1518191520111716191214151214121427191117101629171619111011281319181713161511191314181114101319121014191227191816191327141519131618101227191713101827211310181614151612151718242714
RLE decoded:

RLE compression ratio: 0.56

LZW encoded:
[53, 56, 57, 53, 48, 48, 49, 55, 54, 57, 50, 52, 53, 266, 266, 55, 55, 57, 262, 48, 264, 57, 263, 273, 261, 56, 56, 51, 57, 56, 55, 51, 54, 53, 49, 57, 51, 52, 56, 49, 52, 48, 283, 50, 48, 52, 265, 271, 284, 264, 51, 271, 267, 291, 54, 56, 48, 50, 303, 286, 48, 285, 55, 49, 49, 51, 316, 54, 267, 54, 50, 53, 55, 56, 52, 52, 307]
LZW compression ratio: 1.3

